Luffy;Idle;1;4;19;35;500;500;500;500;loop
Luffy;Run;1;8;27;34;100;100;100;100;100;100;100;100;loop
Luffy;Jump;1;5;19;34;100;100;100;100;100;notLoop
Luffy;Fall;1;2;19;34;100;100;loop
Luffy;Hit;1;8;36;36;100;100;100;100;300;100;100;100;notLoop
Luffy;Death;1;5;35;28;100;100;100;100;300000;notLoop
Luffy;Dash;1;5;42;30;100;100;100;100;1000;notLoop
Luffy;Attack;1;5;19;33;100;100;100;100;100;notLoop
Luffy;LongAttack;1;17;67;48;100;100;100;100;100;100;100;50;50;50;50;50;50;50;100;100;100;notLoop
Luffy;SpecialAttack;1;30;64;31;100;100;100;100;100;100;100;100;100;100;100;100;100;100;100;100;100;100;100;100;100;100;100;100;100;100;100;100;100;1000;notLoop
LuffyHand;Idle;1;7;50;60;10;10;10;10;10;100;100;notLoop
Ace;Idle;1;4;16;35;500;500;500;500;loop
Ace;Run;1;8;30;29;100;100;100;100;100;100;100;100;loop
Ace;Jump;1;5;15;45;100;100;100;100;100;notLoop
Ace;Fall;1;2;15;45;100;100;loop
Ace;Hit;1;8;44;40;100;100;100;100;300;100;100;100;notLoop
Ace;Death;1;5;44;40;100;100;100;100;300000;notLoop
Ace;Dash;1;5;66;30;100;100;100;100;1000;notLoop
Ace;Attack;1;8;20;40;100;100;50;50;50;50;50;50;notLoop
Ace;LongAttack;5;6;36;43;100;100;100;10;10;10;10;10;10;10;10;10;10;10;10;10;10;10;10;10;10;10;10;10;10;10;100;100;0;0;notLoop
Ace;SpecialAttack;5;6;80;171;100;100;100;100;100;100;100;100;100;100;100;100;100;100;100;100;100;100;100;100;100;100;100;100;100;100;1000;0;0;0;notLoop
Robin;Idle;1;4;13;30;500;500;500;500;loop
Robin;Run;1;8;37;29;100;100;100;100;100;100;100;100;loop
Robin;Jump;1;5;23;32;100;100;100;100;100;notLoop
Robin;Fall;1;2;23;32;100;100;loop
Robin;Hit;1;8;48;39;100;100;100;100;300;100;100;100;notLoop
Robin;Death;1;5;48;39;100;100;100;100;300000;notLoop
Robin;Dash;1;5;54;30;100;100;100;100;1000;notLoop
Robin;Attack;1;12;37;60;100;100;100;100;100;100;100;100;100;100;100;100;notLoop
Robin;LongAttack;1;26;27;41;100;100;100;100;100;100;100;100;100;100;100;100;100;100;100;100;100;100;100;100;100;100;100;100;100;100;notLoop
Robin;SpecialAttack;1;21;66;62;100;100;100;100;100;100;100;100;100;100;100;100;100;100;100;100;100;100;100;100;1000;notLoop
Nami;Idle;1;3;14;36;500;500;500;loop
Nami;Run;1;8;26;34;100;100;100;100;100;100;100;100;loop
Nami;Jump;1;5;16;38;100;100;100;100;100;notLoop
Nami;Fall;1;2;16;38;100;100;loop
Nami;Hit;1;8;47;30;100;100;100;100;300;100;100;100;notLoop
Nami;Death;1;5;47;30;100;100;100;100;300000;notLoop
Nami;Dash;1;5;46;25;100;100;100;100;1000;notLoop
Nami;Attack;1;7;45;65;100;100;100;100;100;100;100;notLoop
Nami;LongAttack;1;12;31;71;100;100;100;100;100;100;100;100;100;100;100;100;notLoop
Nami;SpecialAttack;1;27;103;65;100;100;100;100;100;100;100;100;100;100;100;100;100;100;100;100;100;100;50;50;50;50;50;100;100;100;1000;notLoop
Zoro;Idle;1;4;22;38;500;500;500;500;loop
Zoro;Run;1;8;31;45;100;100;100;100;100;100;100;100;loop
Zoro;Jump;1;5;32;56;100;100;100;100;100;notLoop
Zoro;Fall;1;2;32;56;100;100;loop
Zoro;Hit;1;8;30;47;100;100;100;100;100;100;300;100;notLoop
Zoro;Death;1;3;30;47;100;100;300000;notLoop
Zoro;Dash;1;5;55;37;100;100;100;100;1000;notLoop
Zoro;Attack;1;9;36;54;100;100;100;50;50;50;50;100;100;notLoop
Zoro;LongAttack;1;8;34;99;100;100;100;100;100;100;100;100;notLoop
Zoro;SpecialAttack;1;17;38;130;100;100;100;100;100;100;100;100;100;100;100;100;100;100;100;100;1000;notLoop
Sanji;Idle;1;4;14;37;500;500;500;500;loop
Sanji;Run;1;8;27;34;100;100;100;100;100;100;100;100;loop
Sanji;Jump;1;5;28;29;100;100;100;100;100;notLoop
Sanji;Fall;1;2;28;29;100;100;loop
Sanji;Hit;1;8;50;45;100;100;100;100;300;100;100;100;notLoop
Sanji;Death;1;5;50;45;100;100;100;100;300000;notLoop
Sanji;Dash;1;6;63;41;100;100;100;100;100;1000;notLoop
Sanji;Attack;1;7;32;36;100;100;100;100;100;100;100;notLoop
Sanji;LongAttack;1;14;58;67;100;100;50;50;50;50;50;100;100;100;100;100;100;100;notLoop
Sanji;SpecialAttack;1;42;28;57;100;100;100;100;100;100;100;100;100;100;100;100;100;100;100;100;100;100;100;100;100;100;100;100;100;100;100;100;100;100;100;100;100;100;100;100;100;100;100;100;100;1000;notLoop
Vivi;Idle;1;6;18;30;400;400;400;400;400;400;loop
Vivi;Run;1;8;34;36;100;100;100;100;100;100;100;100;loop
Vivi;Jump;1;5;33;47;100;100;100;100;100;notLoop
Vivi;Fall;1;2;33;47;100;100;loop
Vivi;Hit;1;8;61;41;100;100;100;100;300;100;100;100;notLoop
Vivi;Death;1;5;61;41;100;100;100;100;300000;notLoop
Vivi;Dash;1;5;51;26;100;100;100;100;1000;notLoop
Vivi;Attack;1;7;29;26;100;100;100;100;100;100;100;notLoop
Vivi;LongAttack;1;11;22;46;100;100;100;100;100;100;100;100;100;100;100;notLoop
Vivi;SpecialAttack;1;12;89;97;100;100;100;100;100;100;100;100;100;100;100;100;notLoop
Hancock;Idle;1;6;17;35;400;400;400;400;400;400;loop
Hancock;Run;1;8;22;36;100;100;100;100;100;100;100;100;loop
Hancock;Jump;1;5;25;35;100;100;100;100;100;notLoop
Hancock;Fall;1;3;25;35;100;100;100;loop
Hancock;Hit;1;8;54;51;100;100;100;100;300;100;100;100;notLoop
Hancock;Death;1;5;54;51;100;100;100;100;300000;notLoop
Hancock;Dash;1;5;48;24;100;100;100;100;1000;notLoop
Hancock;Attack;1;8;19;33;100;100;100;100;100;100;100;100;notLoop
Hancock;LongAttack;1;7;32;32;100;100;100;100;100;100;100;notLoop
Hancock;SpecialAttack;1;18;28;40;100;100;100;100;100;100;100;100;100;100;100;100;100;100;100;100;100;100;notLoop
Usopp;Idle;1;4;20;27;500;500;500;500;loop
Usopp;Run;1;7;34;41;100;100;100;100;100;100;100;loop
Usopp;Jump;1;5;18;33;100;100;100;100;100;notLoop
Usopp;Fall;1;2;18;33;100;100;loop
Usopp;Hit;1;11;40;46;100;100;100;100;300;100;100;100;100;100;100;notLoop
Usopp;Death;1;5;40;46;100;100;100;100;300000;notLoop
Usopp;Dash;1;5;20;37;100;100;100;100;1000;notLoop
Usopp;Attack;1;12;35;49;100;100;100;100;100;100;100;100;100;100;100;100;notLoop
Usopp;LongAttack;1;14;43;60;100;100;100;100;100;100;100;100;100;100;100;100;100;100;100;notLoop
Usopp;SpecialAttack;1;25;35;77;100;100;100;100;100;100;100;100;100;100;100;100;100;100;100;100;100;100;100;100;100;100;100;100;100;notLoop
Shanks;Idle;1;3;28;33;500;500;500;loop
Shanks;Run;1;8;37;60;100;100;100;100;100;100;100;100;loop
Shanks;Jump;1;5;41;61;100;100;100;100;100;notLoop
Shanks;Fall;1;2;41;61;100;100;loop
Shanks;Hit;1;9;56;52;100;100;100;100;300;100;100;100;100;notLoop
Shanks;Death;1;5;56;52;100;100;100;100;300000;notLoop
Shanks;Dash;1;5;68;23;100;100;100;100;1000;notLoop
Shanks;Attack;1;8;52;72;100;100;100;100;100;100;100;100;notLoop
Shanks;LongAttack;1;7;70;80;100;100;100;100;100;100;100;100;100;100;100;notLoop
Shanks;SpecialAttack;1;12;36;172;100;100;100;100;100;100;100;100;100;100;100;100;notLoop
WeakBot;Idle;1;2;22;24;500;500;loop
WeakBot;Run;1;4;21;37;150;150;150;150;loop
WeakBot;Attack;1;4;27;36;150;150;150;150;notloop
WeakBot;Hit;1;3;27;36;100;100;100;notloop
WeakBot;Death;1;12;27;36;50;50;50;50;50;50;50;50;50;50;50;50000;notloop
MediumBot;Idle;1;1;16;35;500;loop
MediumBot;Run;1;6;27;30;150;150;150;150;150;150;loop
MediumBot;Shoot;1;4;27;36;400;400;400;400;notloop
MediumBot;Hit;1;1;40;30;300;notloop
MediumBot;Death;1;3;40;30;50;50;50000;notloop
Missile;Idle;1;1;10;10;500;loop
Missile;Explode;1;6;10;10;100;100;100;100;100;100;notloop
Dog;Idle;1;3;25;25;500;500;500;loop
Dog;Run;1;5;43;30;150;150;150;150;150;loop
Dog;Attack;1;6;43;30;100;100;100;100;100;100;notLoop
Dog;Hit;1;1;43;30;300;notloop
Dog;Death;1;7;43;30;50;50;50;50;50;50;50000;notloop
Portal;Idle;1;8;35;40;150;150;150;150;150;150;150;150;loop
Portal;Teleport;1;8;35;40;150;150;150;150;150;150;150;150;loop
Ronces;Idle;1;1;10;25;150;notloop
Ronces;Attack;1;3;31;45;150;150;150;notloop